-26
74
-28
58
00000000000000000000000000000000000000000000000000000000000000000000000000000000000000000000000000000
00000000000000000000000000000000000000000000000000000000000000000000000000000000000000000000000000000
00000000000000000000000000000000000000000000000000000000000000000000000000000000000000000000000000000
00000000000000000000000000000000000000000000000000000000000000000000000000000000000000000000000000000
00000000000000000000000000000000000000000000000000000000000000000000000000000000000000000000000000000
00000000000000000000000000000000000000000000000000000000000000000000000000000000000000000000000000000
00000000000000000000000000000000000000000000000000000000000000000000000000000000000000000000000000000
00000000000000000000000000000000000000000000000000000000000000000000000000000000000000000000000000000
00000000000000000000000000000000000000000000000000000000000000000000000000000000000000000000000000000
00000000000000000000000000000000000000000000000000000000000000000000000000000000000000000000000000000
00000000000000000000000000000000000000000000000000000000000000000000000000000000000000000000000000000
00000000000000000000000000000000000000000000000000000000000000000000000000000000000000000000000000000
00000000000000000000000000000000000000000000000000000000000000000000000000000000000000000000000000000
00000000000000000000000000000000000000000000000000000000000000000000000000000000000000000000000000000
00000000000000000000000000000000000000000000000000000000000000000000000000000000000000000000000000000
00000000000000000000000000000000000000000000000000000000000000000000000000000000000000000000000000000
00000000000000000000000000000000000000000000000000000000000000000000000000000000000000000000000000000
00000000000000000000000000000000000000000000000000000000000000000000000000000000000000000000000000000
00000000000000000000000000000000000000000000000000000000000000000000000000000000000000000000000000000
00000000000000000000000000000000000000000000000000000000000000000000000000000000000000000000000000000
00000000000000000000000000000000000000000000000000000000000000000000000000000000000000000000000000000
00000000000000000000000000000000000000000000000000000000000000000000000000000000000000000000000000000
00000000000000000000000000000000000000000000000000000000000000000000000000000000000000000000000000000
00000000000000000000000000000000000000000000000000000000000000000000000000000000000000000000000000000
00000000000000000000000000000000000000000000000000000000000000000000000000000000000000000000000000000
00000000000000000000000000000000000000000000000000000000000000000000000000000000000000000000000000000
00000000000000000000000000000000000000000000000000000000000000000000000000000000000000000000000000000
00000000000000000000000000000000000000000000000000000000000000000000000000000000000000000000000000000
00000000000000000000000000000000000000000000000000000000000000000000000000000000000000000000000000000
00000000000000000000000000000000000000000000000000000000000000000000000000000000000000000000000000000
00000000000000000000000000000000000000000000000000000000000000000000000000000000000000000000000000000
00000000000000000000000000000000000000000000000000000000000000000000000000000000000000000000000000000
00000000000000000000000000000000000000000000000000000000000000000000000000000000000000000000000000000
00000000000000000000000000000000000000000000000000000000000000000000000000000000000000000000000000000
00000000000000000000000000000000000000000000000000000000000000000000000000000000000000000000000000000
00000000000000000000000000000000000000000000000000000000000000000000000000000000000000000000000000000
00000000000000000000000000000000000000000000000000000000000000000000000000000000000000000000000000000
00000000000000000000000000000000000000000000000000000000000000000000000000000000000000000000000000000
00000000000000000000000000000000000000000000000000000000000000000000000000000000000000000000000000000
00000000000000000000000000000000000000000000000000000000000000000000000000000000000000000000000000000
00000000000000000000000000000000000000000000000000000000000000000000000000000000000000000000000000000
00000000000000000000000000000000000000000000000000000000000000000000000000000000000000000000000000000
00000000000000000000000000000000000000000000000000000000000000000000000000000000000000000000000000000
00000000000000000000000000000000000000000000000000000000000000000000000000000000000000000000000000000
00000000000000000000000000000000000000000000000000000000000000000000000000000000000000000000000000000
00000000000000000000000000000000000000000000000000000000000000000000000000000000000000000000000000000
00000000000000000000000000000000000000000000000000000000000000000000000000000000000000000000000000000
00002222222220000000000000000000000000000000000000000000000000000000000000000000000000000000000000000
00022222222222200000000000000000000000000000000000000000000000000000000000000000000000000000000000000
00221111112222200000000000000000000000000000000000000000000000000000000000000000000000000000000000000
00211111112222200000000000000000000000000000000000000000000000000000000000000000000000000000000000000
00212111112222200000000000000000000000000000000000000000000000000000000000000000000000000000000000000
00222111112222200000000000000000000000000000000000000000000000000000000000000000000000000000000000000
00222111112222200000000000000000000000000000000000000000000000000000000000000000000000000000000000000
00022111112222200000000000000000000000000000000000000000000000000000000000000000000000000000000000000
00021111112222222000000000000000000000000000000000000000000000000000000000000000000000000000000000000
02221111112222222200000000000000000000000000000000000000000000000000000000000000000000000000000000000
22111111112222222200000000000000000000000000000000000000000000000000000000000000000000000000000000000
22111111112222222000000000000000000000020000000000000000000000000000000000000000000000000000000000000
22111111112211122222222200000000002222222000000000000000000000000000000000000000000000000000000000000
22211111112211111211111220000000022111112200000000000000000000000000000000000000000000000000000000000
22211111111211111111111120000000021111112200000000000000000000000000000000000000000000000000000000000
22211111122221111111111220000000221111112000000000000000000000000000000000000000000000000000000000000
22111111122222211111111200022000211111112220000000000000000000000000000000000000000000000000000000000
20211111122222211111111222222000211111112222000000000000000000000000000000000000000000000000000000000
22221111111111111111111111112000211111111222200000000000000000000000000000000000000000000000000000000
00021111111111111111111111112002211111111111200000000000000000000000000000000000000000000000000000000
00221111111111111111111111112202111111111111220000000000000000000000000000000000000000000000000000000
00221111111111111111111111111221111111111111220000000000000000000000000000000000000000000000000000000
00222111111111111111111111111111111111111111120000000000000000000000000000000000000000000000000000000
00022111111111111111111111111111111111111111120000000000000000000000000000000000000000000000000000000
00022111111111111111111111111111111111111111120000000000000000000000000000000000000000000000000000000
00022111111111111111111111111111111111111111120000000000000000000000000000000000000000000000000000000
00022221111111111111111111111111112211111111120000000000000000000000000000000000000000000000000000000
00002221111111111111111111111111112221111111120000000000000000000000000000000000000000000000000000000
00002222111111111111111111111111112222111111120000000000000000000000000000000000000000000000000000000
00000202111111111111111111111111122222111111120000000000000000000000000000000000000000000000000000000
00000002211111111111122221111111122222211111220000000000000000000000000000000000000000000000000000000
00000002222111111111222221111111122222222222000000000000000000000000000000000000000000000000000000000
00000022222221111112200211111111122222200000000000000000000000000000000000000000000000000000000000000
00000022222221111122000211111111122222200000000000000000000000000000000000000000000000000000000000000
00000022222221111120000211111111122222200000000000000000000000000000000000000000000000000000000000000
00000002220221111220000211111111122222200000000000000000000000000000000000000000000000000000000000000
00000002220021112200000211111111122222000000000000000000000000000000000000000000000000000000000000000
00000000000022222000000222222222222220000000000000000000000000000000000000000000000000000000000000000
00000000000002200000000222222222020000000000000000000000000000000000000000000000000000000000000000000
00000000000000000000000020000000000000000000000000000000000000000000000000000000000000000000000000000
