-26
74
-24
58
00000000000000000000000000000000000000000000000000000000000000000000000000000000000000000000000000000
00000000000000000000000000000000000000000000000000000000000000000000000000000000000000000000000000000
00000000000000000000000000000000000000000000000000000000000000000000000000000000000000000000000000000
00000000000000000000000000000000000000000000000000000000000000000000000000000000000000000000000000000
00000000000000000000000000000000000000000000000000000000000000000000000000000000000000000000000000000
00000000000000000000000000000000000000000000000000000000000000000000000000000000000000000000000000000
00000000000000000000000000000000000000000000000000000000000000000000000000000000000000000000000000000
00000000000000000000000000000000000000000000000000000000000000000000000000000000000000000000000000000
00000000000000000000000000000000000000000000000000000000000000000000000000000000000000000000000000000
00000000000000000000000000000000000000000000000000000000000000000000000000000000000000000000000000000
00000000000000000000000000000000000000000000000000000000000000000000000000000000000000000000000000000
00000000000000000000000000000000000000000000000000000000000000000000000000000000000000000000000000000
00000000000000000000000000000000000000000000000000000000000000000000000000000000000000000000000000000
00000000000000000000000000000000000000000000000000000000000000000000000000000000000000000000000000000
00000000000000000000000000000000000000000000000000000000000000000000000000000000000000000000000000000
00000000000000000000000000000000000000000000000000000000000000000000000000000000000000000000000000000
00000000000000000000000000000000000000000000000000000000000000000000000000000000000000000000000000000
00000000000000000000000000000000000000000000000000000000000000000000000000000000000000000000000000000
00000000000000000000000000000000000000000000000000000000000000000000000000000000000000000000000000000
00000000000000000000000000000000000000000000000000000000000000000000000000000000000000000000000000000
00000000000000000000000000000000000000000000000000000000000000000000000000000000000000000000000000000
00000000000000000000000000000000000000000000000000000000000000000000000000000000000000000000000000000
00000000000000000000000000000000000000000000000000000000000000000000000000000000000000000000000000000
00000000000000000000000000000000000000000000000000000000000000000000000000000000000000000000000000000
00000000000000000000000000000000000000000000000000000000000000000000000000000000000000000000000000000
00000000000000000000000000000000000000000000000000000000000000000000000000000000000000000000000000000
00000000000000000000000000000000000000000000000000000000000000000000000000000000000000000000000000000
00000000000000000000000000000000000000000000000000000000000000000000000000000000000000000000000000000
00000000000000000000000000000000000000000000000000000000000000000000000000000000000000000000000000000
00000000000000000000000000000000000000000000000000000000000000000000000000000000000000000000000000000
00000000000000000000000000000000000000000000000000000000000000000000000000000000000000000000000000000
00000000000000000000000000000000000000000000000000000000000000000000000000000000000000000000000000000
00000000000000000000000000000000000000000000000000000000000000000000000000000000000000000000000000000
00000000000000000000000000000000000000000000000000000000000000000000000000000000000000000000000000000
00000000000000000000000000000000000000000000000000000000000000000000000000000000000000000000000000000
00000000000000000000000000000000000000000000000000000000000000000000000000000000000000000000000000000
00000000000000000000000000000000000000000000000000000000000000000000000000000000000000000000000000000
00000000000000000000000000000000000000000000000000000000000000000000000000000000000000000000000000000
00000000000000000000000000000000000000000000000000000000000000000000000000000000000000000000000000000
00000000000000000000000002222222222222222222222222222222222220000000000000000000000000000000000000000
00002222222222222222222222222222222222222222222222222222222220000000000000000000000000000000000000000
00002222222222222222222222222222222222222222222222222222222220000000000000000000000000000000000000000
00002222222222222222222222222222222222222222222222222222222220000000000000000000000000000000000000000
00222222222222222222222222222222222222222222222222222222222220000000000000000000000000000000000000000
00222222222222222222222222222222222222222222222222222222222220000000000000000000000000000000000000000
00222222222222222222222221112222211111112222111111111222222222222200000000000000000000000000000000000
00222222222222222222222221112222211111112222111111111222222222222200000000000000000000000000000000000
00222222222222222222222221112222211111112222111111111222222222222200000000000000000000000000000000000
00222222222222222222222221112222211111112222111111111222222222222200000000000000000000000000000000000
00222111111111111111111111111111111111111111111111111222222222222200000000000000000000000000000000000
00222111111111111111111111111111111111111111111111111222222222222200000000000000000000000000000000000
22222111111111111111111111111111111111111111111111111222222222222200000000000000000000000000000000000
22222111111111111111111111111111111111111111111111111222222222222200000000000000000000000000000000000
22222111111111111111111111111111111111111111111122222222222222222200000000000000000000000000000000000
22222111111111111111111111111111111111111111111122222222222222222200000000000000000000000000000000000
22222111111111111111111111111111111111111111111122222222222222222200000000000000000000000000000000000
22222111111111111111111111111111111111111111111122222222222222222200000000000000000000000000000000000
22111111111111111111111111111111111111111111111111111222222222222200000000000000000000000000000000000
22111111111111111111111111112222222222222211111111111222222222222200000000000000000000000000000000000
22111111111111111111111111112222222222222211111111111222222222222200000000000000000000000000000000000
22111111111111111111111111112222222222222211111111111222222222222200000000000000000000000000000000000
22111111111111111111111111111111111112222211111111111222222222222200000000000000000000000000000000000
22111111111111111111111111111111111112222211111122222222222222222200000000000000000000000000000000000
22111111111111111111111111111111111112222211111122222222222222222200000000000000000000000000000000000
22111111111111111111111111111111111112222211111122222222222222222200000000000000000000000000000000000
22111111111111111111111111111111111112222211111111111222222222222200000000000000000000000000000000000
22111111111111111111111111111111111112222211111111111222222222222200000000000000000000000000000000000
22111111111111111111111111111111111112222211111111111222222222222200000000000000000000000000000000000
22111111111111111111111111111111111112222211111111111222222222222200000000000000000000000000000000000
22111111222222222222111122222222222222222222222222222222222222222200000000000000000000000000000000000
22111111222222222222111122222222222222222222222222222222222222222200000000000000000000000000000000000
22222222222222222222222222222222222222222222222222222222222222222200000000000000000000000000000000000
22222222222222222222222222222222222222222222222222222222222222222200000000000000000000000000000000000
00000000222222222222000022222222200000000000002222222222222222222200000000000000000000000000000000000
00000000222222222222000022222222200000000000002222222222222222222200000000000000000000000000000000000
00000000222222222222000002222222200000000000002222222222222222222200000000000000000000000000000000000
00000000222222222222000000000000000000000000000000000222222222222200000000000000000000000000000000000
00000000222222222222000000000000000000000000000000000222222222222200000000000000000000000000000000000
00000000000000000000000000000000000000000000000000000222222222222200000000000000000000000000000000000
00000000000000000000000000000000000000000000000000000000000000000000000000000000000000000000000000000
00000000000000000000000000000000000000000000000000000000000000000000000000000000000000000000000000000
00000000000000000000000000000000000000000000000000000000000000000000000000000000000000000000000000000
00000000000000000000000000000000000000000000000000000000000000000000000000000000000000000000000000000
