-27
74
-26
58
000000000000000000000000000000000000000000000000000000000000000000000000000000000000000000000000000000
000000000000000000000000000000000000000000000000000000000000000000000000000000000000000000000000000000
000000000000000000000000000000000000000000000000000000000000000000000000000000000000000000000000000000
000000000000000000000000000000000000000000000000000000000000000000000000000000000000000000000000000000
000000000000000000000000000000000000000000000000000000000000000000000000000000000000000000000000000000
000000000000000000000000000000000000000000000000000000000000000000000000000000000000000000000000000000
000000000000000000000000000000000000000000000000000000000000000000000000000000000000000000000000000000
000000000000000000000000000000000000000000000000000000000000000000000000000000000000000000000000000000
000000000000000000000000000000000000000000000000000000000000000000000000000000000000000000000000000000
000000000000000000000000000000000000000000000000000000000000000000000000000000000000000000000000000000
000000000000000000000000000000000000000000000000000000000000000000000000000000000000000000000000000000
000000000000000000000000000000000000000000000000000000000000000000000000000000000000000000000000000000
000000000000000000000000000000000000000000000000000000000000000000000000000000000000000000000000000000
000000000000000000000000000000000000000000000000000000000000000000000000000000000000000000000000000000
000000000000000000000000000000000000000000000000000000000000000000000000000000000000000000000000000000
000000000000000000000000000000000000000000000000000000000000000000000000000000000000000000000000000000
000000000000000000000000000000000000000000000000000000000000000000000000000000000000000000000000000000
222222222222222222222222222222222222222222222222222222222222222220000000000000000000000000000000000000
222222222222222222222222222222222222222222222222222222222222222220000000000000000000000000000000000000
222222222222222222222222222222222222222222222222222222222222222220000000000000000000000000000000000000
222222222222222222222222222222222222222222222222222222222222222220000000000000000000000000000000000000
222222222222222222222222222222222222222222222222222222222222222220000000000000000000000000000000000000
222222222222222222222222222222222222222222222222222222222222222220000000000000000000000000000000000000
222222222222222222222222222222222222222222222222222222222222222220000000000000000000000000000000000000
222222222222222222222222222222222222222222222222222222222222222220000000000000000000000000000000000000
222222222222222222222222222222222222222222222222222222222222222220000000000000000000000000000000000000
222222222222222222222222222222222222222222222222222222222222222220000000000000000000000000000000000000
222222222222222222222222222222222222222222222222222222222222222220000000000000000000000000000000000000
222222222222222222222222222222222222222222222222222222222222222220000000000000000000000000000000000000
222222222222222222222222222222222222222222222222222222222222222220000000000000000000000000000000000000
222222222222222222222222222222222222222222222222222222222222222220000000000000000000000000000000000000
222222222222222222222222222222222222222222222222222222222222222220000000000000000000000000000000000000
222222222222222222222222222222222222222222222222222222222222222220000000000000000000000000000000000000
222222222222222222222222211111111111122222222222222222222222222220000000000000000000000000000000000000
222222222222222222222222211111111111122222222222222222222222222220000000000000000000000000000000000000
222222222222222222222211111111111111222222222222222222222222222220000000000000000000000000000000000000
222222222222222222222211111111112222222222222222222222222222222220000000000000000000000000000000000000
222222222222222221111111111112222222222222222222222222222222222220000000000000000000000000000000000000
222222222222222221111111111112222222222222222222222222222222222220000000000000000000000000000000000000
222222222222222221111111111112222222222222222222222222222222222220000000000000000000000000000000000000
222222222222222221111111111112222222222222222222222222222222222220000000000000000000000000000000000000
222222222222222221111111111112222222222222222222222222222222222220000000000000000000000000000000000000
222222222222222211111111111112222222222222222222222222222222222220000000000000000000000000000000000000
222222222222222111111111111112222222222222222222222222222222222220000000000000000000000000000000000000
222222222222222111111111111112222222222222222222222222222222222220000000000000000000000000000000000000
222222222222222111111111111112222222222222222222222222222222222222200000000000000000000000000000000000
222222222222222111111111111112222222222222222222222222222222222222200000000000000000000000000000000000
222222222222211111111111111112222222222222222222222222222222222222200000000000000000000000000000000000
222222222222211111111111111111112222222222222222222222222222222222200000000000000000000000000000000000
222222222222211111111111111111112222222222222222222222222222222222200000000000000000000000000000000000
222222222222211111111111111111111111111111111112222222222222222222200000000000000000000000000000000000
222222222222211111111111111111111111111111111111222222222222222222200000000000000000000000000000000000
222222222222222211111111111111111111111111111111122222222222222222200000000000000000000000000000000000
222222222222222211111111111111111111111111111111112222222222222222200000000000000000000000000000000000
222222222222222221111111111111111111111111111111111222222222222222200000000000000000000000000000000000
222222222222222222221111111111111111111111111111111222222222222222200000000000000000000000000000000000
222222222222222222222222222222222222222222222211111222222222222222200000000000000000000000000000000000
222222222222222222222222222222222222222222222211111222222222222222200000000000000000000000000000000000
222222222222222222222222222222222222222222222211111222222222222222200000000000000000000000000000000000
222222222222222222222222222222222222222222222211111222222222222222200000000000000000000000000000000000
222222222222222222222222222222222222222222222211111222222222222222200000000000000000000000000000000000
222222222222222222222222222222222222222222222211111222222222222222200000000000000000000000000000000000
222222222222222222222222222222222222222222222211111222222222222222200000000000000000000000000000000000
222222222222222222222222222222222222222222222211111222222222222222200000000000000000000000000000000000
222222222222222222222222222222222222222222222211111222222222222222200000000000000000000000000000000000
222222222222222222222222222222222222222222222111111222222222222222200000000000000000000000000000000000
222222222222222222222222222222222222222222222111111222222222222222200000000000000000000000000000000000
222222222222222222222111111222222221112222221111111222222222222222200000000000000000000000000000000000
222222222222222222211111111111111111111222111111112222222222222222200000000000000000000000000000000000
222222222222222222211111111111111111111111111111112222222222222222200000000000000000000000000000000000
222222222222222222211111111111111111111111111111122222222222222222200000000000000000000000000000000000
222222222222222222211111111111111111111111111111122222222222222222200000000000000000000000000000000000
222222222222222222211111111111122222211111111112222222222222222222200000000000000000000000000000000000
222222222222222222222222222222222222221111111122222222222222222222200000000000000000000000000000000000
222222222222222222222222222222222222222222222222222222222222222222200000000000000000000000000000000000
222222222222222222222222222222222222222222222222222222222222222222200000000000000000000000000000000000
222222222222222222222222222222222222222222222222222222222222222222200000000000000000000000000000000000
222222222222222222222222222222222222222222222222222222222222222222200000000000000000000000000000000000
222222222222222222222222222222222222222222222222222222222222222222200000000000000000000000000000000000
222222222222222222222222222222222222222222222222222222222222222220000000000000000000000000000000000000
222222222222222222222222222222222222222222222222222222222222222220000000000000000000000000000000000000
222222222222222222222222222222222222222222222222222222222222222220000000000000000000000000000000000000
222222222222222222222222222222222222222222222222222222222222222220000000000000000000000000000000000000
222222222222222222222222222222222222222222222222222222222222222220000000000000000000000000000000000000
222222222222222222222222222222222222222222222222222222222222222220000000000000000000000000000000000000
