-43
74
-70
58
0000000000000000000000000000000000000000000000000000000000000000000000000000000000000000000000000000000000000000000000
0000000000000000000000000000000000000000000000000000000000000000000000000000000000000000000000000000000000000000000000
0000000000000000000000000000000000000000000000000000000000000000000000000000000000000000000000000000000000000000000000
0000000000000000000000000000000000000000000000000000000000000000000000000000000000000000000000000000000000000000000000
0000000000000000000000000000000000000000000000000000000000000000000000000000000000000000000000000000000000000000000000
0000000000000000000000000000000000000000000000000000000000000000000000000000000000000000000000000000000000000000000000
0000000000000000000000000000000000000000000000000000000000000000000000000000000000000000000000000000000000000000000000
0000000000000000000000000000000000000000000000000000000000000000000000000000000000000000000000000000000000000000000000
0000000000000000000000000000000000000000000000000000000000000000000000000000000000000000000000000000000000000000000000
0000000000000000000000000000000000000000000000000000000000000000000000000000000000000000000000000000000000000000000000
0000000000000000000000000000000000000000000000000000000000000000000000000000000000000000000000000000000000000000000000
0000000000000000000000000000000000000000000000000000000000000000000000000000000000000000000000000000000000000000000000
0000000000000000000000000000000000000000000000000000000000000000000000000000000000000000000000000000000000000000000000
0000000000000000000000000000000000000000000000000000000000000000000000000000000000000000000000000000000000000000000000
0000000000000000000000000000000000000000000000000000000000000000000000000000000000000000000000000000000000000000000000
0000000000000000000000000000000000000000000000000000000000000000000000000000000000000000000000000000000000000000000000
0000000000000000000000000000000000000000000000000000000000000000000000000000000000000000000000000000000000000000000000
0000000000000000000000000000000000000000000000000000000000000000000000000000000000000000000000000000000000000000000000
0000000000000000000000000000000000000000000000000000000000000000000000000000000000000000000000000000000000000000000000
0000000000000000000000000000000000000000000000000000000000000000000000000000000000000000000000000000000000000000000000
0000000000000000000000000000000000000000000000000000000000000000000000000000000000000000000000000000000000000000000000
0000000000000000000000000000000000000000000000000000000000000000000000000000000000000000000000000000000000000000000000
0000000000000000000000000000000000000000000000000000000000000000000000000000000000000000000000000000000000000000000000
0000000000000000000000000000000000000000000000000000000000000000000000000000000000000000000000000000000000000000000000
0000000000000000000000000000000000000000000000000000000000000000000000000000000000000000000000000000000000000000000000
0000000000000000000000000000000000000000000000000000000000000000000000000000000000000000000000000000000000000000000000
0000000000000000000000000000000000000000000000000000000000000000000000000000000000000000000000000000000000000000000000
0000000000000000000000000000000000000000000000000000000000000000000000000000000000000000000000000000000000000000000000
0000000000000000000000000000000000000000000000000000000000000000000000000000000000000000000000000000000000000000000000
0000000000000000000000000000000000000000000000000000000000000000000000000000000000000000000000000000000000000000000000
0000000000000000000000000000000000000000000000000000000000000000000000000000000000000000000000000000000000000000000000
0000000000000000000000000000000000000000000000000000000000000000000000000000000000000000000000000000000000000000000000
0000000000000000000000000000000000000000000000000000000000000000000000000000000000000000000000000000000000000000000000
0000000000000000000000000000000000000000000000000000000000000000000000000000000000000000000000000000000000000000000000
0000000000000000000000000000000000000000000000000000000000000000000000000000000000000000000000000000000000000000000000
0000000000000000000000000000000000000000000000000000000000000000000000000000000000000000000000000000000000000000000000
0000000000000000000000000000000000000000000000000000000000000000000000000000000000000000000000000000000000000000000000
0000000000000000000000000000000000000000000000000000000000000000000000000000000000000000000000000000000000000000000000
0000000000000000000000000000000000000000000000000000000000000000000000000000000000000000000000000000000000000000000000
0000000000000000000000000000000000000000000000000000000000000000000000000000000000000000000000000000000000000000000000
0000000000000000000000000000000000000000000000000000000000000000000000000000000000000000000000000000000000000000000000
0000000000000000000000000000000000000000000000000000000000000000000000000000000000000000000000000000000000000000000000
0000000000000000000000222222000000000000000000000000000000000000000000000000000000000000000000000000000000000000000000
0000000000000000002222222222222222220020000000000000000000000000000000000000000000000000000000000000000000000000000000
0000000000000002222222222222222222222222000000000000000000000000000000000000000000000000000000000000000000000000000000
0000000000022222222222222222222222222222200000000000000000000000000000000000000000000000000000000000000000000000000000
0000000022222222222222222222222222222222220000000000000000000000000000000000000000000000000000000000000000000000000000
0000002222222222222222222222222222222222220000000000000000000000000000000000000000000000000000000000000000000000000000
0000022222222222222222222222222111122222222000000000000000000000000000000000000000000000000000000000000000000000000000
0000022222222222222222222211111111112222222000000000000000000000000000000000000000000000000000000000000000000000000000
0000222222222222222222222111111111111222222000000000000000000000000000000000000000000000000000000000000000000000000000
0000222222222222222222222111111111111222222000000000000000000000000000000000000000000000000000000000000000000000000000
0000222222222222222222221111111111111222222000000000000000000000000000000000000000000000000000000000000000000000000000
0000222222222222222111111111111111111222222200000000000000000000000000000000000000000000000000000000000000000000000000
0002222222222222221111111111111111111122222200000000000000000000000000000000000000000000000000000000000000000000000000
0002222222222222211111111111111111111122222200000000000000000000000000000000000000000000000000000000000000000000000000
0002222222222222211111111111111111111122222200000000000000000000000000000000000000000000000000000000000000000000000000
0002222222222222211111111111111111111122222200000000000000000000000000000000000000000000000000000000000000000000000000
0022222222222222211111111111111111111122222200000000000000000000000000000000000000000000000000000000000000000000000000
0022222222222222211111111111111111111122222200000000000000000000000000000000000000000000000000000000000000000000000000
0022222222222222211111111111111111111122222200000000000000000000000000000000000000000000000000000000000000000000000000
0022222222222222211111111111111111111122222200000000000000000000000000000000000000000000000000000000000000000000000000
0022222222222222211111111111111111111222222200000000000000000000000000000000000000000000000000000000000000000000000000
0022222222222221111111112222222222222222222200000000000000000000000000000000000000000000000000000000000000000000000000
0022222222222221111111122222222222222222222000000000000000000000000000000000000000000000000000000000000000000000000000
0022222222222221111111222222222222222222222000000000000000000000000000000000000000000000000000000000000000000000000000
0022222222222221111112222222222222222222222000000000000000000000000000000000000000000000000000000000000000000000000000
0022222222222221111112222222222222222222222000000000000000000000000000000000000000000000000000000000000000000000000000
0022222222222211111112222222222222222222222000000000000000000000000000000000000000000000000000000000000000000000000000
0022222222222211111111222222222222222222222000000000000000000000000000000000000000000000000000000000000000000000000000
0022222222222211111111222222222222222222222000000000000000000000000000000000000000000000000000000000000000000000000000
0022222222222111111111222222222222222222222000000000000000000000000000000000000000000000000000000000000000000000000000
0022222222211111111111222222222222222222220000000000000000000000000000000000000000000000000000000000000000000000000000
0022222222111111111112222222222222222222220000000000000000000000000000000000000000000000000000000000000000000000000000
0002222222111111111112222222222222222222220000000000000000000000000000000000000000000000000000000000000000000000000000
0002222222111111111112222222222222222222220000000000000000000000000000000000000000000000000000000000000000000000000000
0002222222222211111112222222222222222222220000000000000000000000000000000000000000000000000000000000000000000000000000
0002222222222211111112222222222222222222220000000000000000000000000000000000000000000000000000000000000000000000000000
0002222222222211111112222222222222222222220000000000000000000000000000000000000000000000000000000000000000000000000000
0002222222222211111112222222222222222222220000000000000000000000000000000000000000000000000000000000000000000000000000
0002222222222211111112222222222222222222220000000000000000000000000000000000000000000000000000000000000000000000000000
0002222222222211111112222222222222222222220000000000000000000000000000000000000000000000000000000000000000000000000000
0002222222222211111112222222222222222222220000000000000000000000000000000000000000000000000000000000000000000000000000
0002222222222211111112222222222222222222220000000000000000000000000000000000000000000000000000000000000000000000000000
0002222222222211111111222222222222222222220000000000000000000000000000000000000000000000000000000000000000000000000000
0002222222222211111111111111111112222222220000000000000000000000000000000000000000000000000000000000000000000000000000
0022222222222211111111111111111112222222220000000000000000000000000000000000000000000000000000000000000000000000000000
0022222222222211111111111111111112222222220000000000000000000000000000000000000000000000000000000000000000000000000000
0022222222222211111111111111111112222222220000000000000000000000000000000000000000000000000000000000000000000000000000
0022222222222211111111111111111112222222220000000000000000000000000000000000000000000000000000000000000000000000000000
0222222222222211111111111111111111222222220000000000000000000000000000000000000000000000000000000000000000000000000000
0222222222222211111111111111111111222222220000000000000000000000000000000000000000000000000000000000000000000000000000
0222222222222222222222222221111111222222220000000000000000000000000000000000000000000000000000000000000000000000000000
0222222222222222222222222222211111222222220000000000000000000000000000000000000000000000000000000000000000000000000000
0222222222222222222222222222211111222222222000000000000000000000000000000000000000000000000000000000000000000000000000
0222222222222222222222222222211111222222222000000000000000000000000000000000000000000000000000000000000000000000000000
0222222222222222222222222222211111222222222000000000000000000000000000000000000000000000000000000000000000000000000000
2222222222222222222222222222211111222222222000000000000000000000000000000000000000000000000000000000000000000000000000
2222222222222222222222222222211111222222222000000000000000000000000000000000000000000000000000000000000000000000000000
2222222222222222222222222222111111222222222000000000000000000000000000000000000000000000000000000000000000000000000000
2222222222222222222222222222111111222222222000000000000000000000000000000000000000000000000000000000000000000000000000
2222222222222222222222222222111111222222222000000000000000000000000000000000000000000000000000000000000000000000000000
2222222222222222222222222222111111222222222000000000000000000000000000000000000000000000000000000000000000000000000000
2222222222222222222222222222111111222222222000000000000000000000000000000000000000000000000000000000000000000000000000
2222222222222222222222222221111111222222222000000000000000000000000000000000000000000000000000000000000000000000000000
2222222222222222222222222211111111222222222000000000000000000000000000000000000000000000000000000000000000000000000000
2222222222222222222222222111111111222222222000000000000000000000000000000000000000000000000000000000000000000000000000
2222222222222222222222222111111112222222222000000000000000000000000000000000000000000000000000000000000000000000000000
2222222222222222222222222111111112222222222000000000000000000000000000000000000000000000000000000000000000000000000000
2222222222222222222222222111111112222222222000000000000000000000000000000000000000000000000000000000000000000000000000
2222222222222222222222222111111112222222222000000000000000000000000000000000000000000000000000000000000000000000000000
2222222222222222221222222111111112222222222000000000000000000000000000000000000000000000000000000000000000000000000000
2222222222222222221111111111111112222222222000000000000000000000000000000000000000000000000000000000000000000000000000
2222222222222222221111111111111112222222222000000000000000000000000000000000000000000000000000000000000000000000000000
2222222222222222211111111111111112222222222000000000000000000000000000000000000000000000000000000000000000000000000000
0222222221111111111111111111111112222222222000000000000000000000000000000000000000000000000000000000000000000000000000
0222222221111111111111111111111111222222222000000000000000000000000000000000000000000000000000000000000000000000000000
0222222221111111111111111111111111222222222000000000000000000000000000000000000000000000000000000000000000000000000000
0222222221111111111111111111111111222222220000000000000000000000000000000000000000000000000000000000000000000000000000
0022222221111111111111111111111111222222220000000000000000000000000000000000000000000000000000000000000000000000000000
0022222221111122222222222222222222222222200000000000000000000000000000000000000000000000000000000000000000000000000000
0022222221111122222222222222222222222222000000000000000000000000000000000000000000000000000000000000000000000000000000
0002222221111122222222222222222002222000000000000000000000000000000000000000000000000000000000000000000000000000000000
0002222221111122222222222222222222000000000000000000000000000000000000000000000000000000000000000000000000000000000000
0000222222222222222222222222222000000000000000000000000000000000000000000000000000000000000000000000000000000000000000
0000222222222222222222222222000000000000000000000000000000000000000000000000000000000000000000000000000000000000000000
0000022222222222222222222000000000000000000000000000000000000000000000000000000000000000000000000000000000000000000000
0000022222222222222222000000000000000000000000000000000000000000000000000000000000000000000000000000000000000000000000
0000000000222222220000000000000000000000000000000000000000000000000000000000000000000000000000000000000000000000000000
